MODULE MainModule
	PERS tooldata tool1:=[TRUE,[[-66.081,1.70513,429.57],[1,0,0,0]],[3,[250,0,50],[1,0,0,0],0,0,0]];
	CONST jointtarget p50:=[[0,0,0,0,90,0],[9E9,9E9,9E9,9E9,9E9,9E9]];
	PROC main()
        MoveAbsJ p50,v50,z50,tool0;
		MoveL [[390.75,-487.06,1027.75],[0.0500167,-0.430305,-0.863947,0.25677],[-1,-1,0,0],[9E+09,9E+09,9E+09,9E+09,9E+09,9E+09]], v40, z50, tool0;
		MoveL [[424.90,-460.79,955.83],[0.0519825,-0.428797,-0.864701,0.256367],[-1,-1,0,0],[9E+09,9E+09,9E+09,9E+09,9E+09,9E+09]], v10, z50, tool0;
		MoveL [[343.32,-632.11,828.00],[0.154918,-0.45264,-0.787586,0.388363],[-1,-1,0,0],[9E+09,9E+09,9E+09,9E+09,9E+09,9E+09]], v10, z50, tool1;
		MoveL [[203.86,-819.26,804.36],[0.15485,-0.452814,-0.787478,0.388407],[-1,-1,0,0],[9E+09,9E+09,9E+09,9E+09,9E+09,9E+09]], v10, z50, tool1;
	ENDPROC
ENDMODULE