[-9.58,-182.61,198.63], [0.0660108,-0.842421,-0.111215,-0.523069], [0,0,0,4], [-101.964,9E+09,9E+09,9E+09,9E+09,9E+09]
[-9.58,-182.61,285.14], [0.0660108,-0.842421,-0.111215,-0.523068], [0,0,0,4], [-101.964,9E+09,9E+09,9E+09,9E+09,9E+09]
[-9.58,-350.83,285.14], [0.0660107,-0.842421,-0.111215,-0.523069], [0,0,0,4], [-101.964,9E+09,9E+09,9E+09,9E+09,9E+09]
[39.83,-395.44,285.14], [0.0660109,-0.842421,-0.111215,-0.523068], [0,0,0,4], [-101.964,9E+09,9E+09,9E+09,9E+09,9E+09]
[101.56,-445.76,285.14], [0.0660106,-0.842421,-0.111215,-0.523068], [0,0,1,4], [-101.964,9E+09,9E+09,9E+09,9E+09,9E+09]
[165.48,-403.01,285.14], [0.0660104,-0.842421,-0.111216,-0.523068], [0,0,1,4], [-101.964,9E+09,9E+09,9E+09,9E+09,9E+09]
[227.87,-334.17,285.14], [0.0660105,-0.842422,-0.111216,-0.523068], [0,-1,1,4], [-101.964,9E+09,9E+09,9E+09,9E+09,9E+09]
[293.64,-246.28,285.14], [0.0660105,-0.842422,-0.111216,-0.523067], [1,-1,2,4], [-106.478,9E+09,9E+09,9E+09,9E+09,9E+09]
[352.39,-201.27,285.14], [0.0660103,-0.842422,-0.111216,-0.523067], [1,-2,2,4], [-106.478,9E+09,9E+09,9E+09,9E+09,9E+09]
[410.15,-149.42,285.14], [0.0660102,-0.842422,-0.111216,-0.523067], [1,-2,2,4], [-106.478,9E+09,9E+09,9E+09,9E+09,9E+09]
[455.80,-86.34,285.14], [0.0660102,-0.842422,-0.111217,-0.523067], [1,-2,2,4], [-106.478,9E+09,9E+09,9E+09,9E+09,9E+09]
[473.73,-39.43,313.22], [0.0660105,-0.842423,-0.111216,-0.523066], [1,-2,2,4], [-106.478,9E+09,9E+09,9E+09,9E+09,9E+09]
[514.11,7.93,338.07], [0.0660103,-0.842423,-0.111217,-0.523066], [1,-2,2,4], [-106.478,9E+09,9E+09,9E+09,9E+09,9E+09]
[-9.58,-182.61,198.63], [0.0660108,-0.842421,-0.111215,-0.523069], [0,0,0,4], [-101.964,9E+09,9E+09,9E+09,9E+09,9E+09]